RDA2
A
2
196608
131840
1026
1
262153
13
all.topic.mis
14
50
3.187311538756165
2.433125958459785
3.046824467039796
2.571600344644258
3.122333333343772
2.579272883125267
2.477725231038997
3.127156240234517
2.015420886788148
2.417255963218075
3.24129512633968
3.189479330787933
3.389958831256642
1.581073508518059
2.813340363172415
1.761623861777596
2.896240656518344
2.918302492172876
2.113055170294667
2.831681113484272
3.054797322434302
2.479072032523735
3.215429105807034
2.310172226568012
1.790567864525623
3.606581106329942
3.078572864009832
2.62510676747942
2.362597300099525
2.837319177223871
2.887584652796106
3.992696027034345
3.271314718172953
3.287903151947336
2.95276265248201
2.837420232837228
3.106136949233538
2.929527933650051
3.105286697589542
2.928039648522007
2.939157380673781
3.224343003221051
3.438911772901884
3.416003557702852
2.801110352089655
3.317182734793645
3.257377032854585
2.746986589720649
3.318559263054568
3.293555166647272
254
